636083.3 849398.65 407.35
635616.31 849984.78 423.95
635918.31 849737.43 414.21
636082.68 849271.42 427.92
636454.69 849950.89 425.23
636679.04 849644.36 411.15
636926.61 849800.43 425.98
637095.87 849274.7 411.25
636992.03 849974.97 480.74
636685.14 849892.32 432.32
636328.84 849966.93 486.06
635969.65 850223.46 426.25
635742.81 850120.87 425.36
636292.52 850470.57 431.1
636717.98 850439.86 437.43
637140.55 850135.56 478.77
638332.51 849367.19 426.31
637986.68 849230.68 462.37
637371.0 850034.61 429.86
637489.7 849423.23 411.02
637743.83 849702.66 430.28
637917.29 849304.0 536.84
638091.73 848977.79 427.59
638511.61 850026.74 435.47
638788.45 849495.24 417.32
638472.8 850277.03 426.84
638290.78 849373.95 456.56
637913.88 849967.42 427.26
637700.46 849934.32 428.25
637566.8 850019.0 425.92
637351.84 849987.93 424.05
637286.22 850026.44 429.79
637925.72 850414.47 424.84
638429.49 849995.64 444.55
637099.93 850669.32 426.25
636029.36 850522.9 425.98
635993.6 851224.11 418.77
636300.79 851193.47 417.52
636318.27 850528.71 431.59
636712.43 850847.18 435.43
637179.66 851307.12 425.23
637181.36 850671.36 474.51
636736.19 851723.69 475.59
636570.77 851103.18 494.49
636417.03 850806.33 430.22
636053.25 851369.65 419.85
635777.4 851542.78 453.12
635748.69 852257.84 416.99
635891.27 852001.35 416.08
636000.72 851466.04 416.27
636428.02 852527.59 421.72
636638.32 852350.03 417.32
636784.38 852110.24 471.33
637118.44 852409.84 424.08
637257.09 852442.45 425.26
636982.91 851998.46 443.18
636648.0 852437.83 420.24
636338.48 852695.28 470.24
635983.83 852885.99 418.73
635748.39 852813.12 462.14
636175.72 852861.48 422.41
636799.05 852851.87 455.68
638570.7 850527.33 432.97
637616.57 850626.05 452.13
637294.55 850719.13 422.38
637664.76 850643.37 437.93
638040.45 851267.22 420.96
638317.62 850430.81 425.03
638739.93 851223.88 534.06
638854.23 851767.45 512.5
638671.72 851434.94 495.34
638414.27 851304.99 421.0
638144.49 851019.91 421.03
637816.11 851492.95 424.8
637720.41 851026.05 420.51
637347.57 851895.96 417.16
637434.02 852480.18 425.72
637688.22 852550.3 424.11
637911.38 852563.22 424.44
637883.56 851511.65 424.44
638040.88 851284.02 421.06
638404.36 851708.33 424.67
638749.9 852044.82 461.94
638742.72 851360.4 490.62
638864.6 852417.16 419.29
638585.99 852644.98 421.49
638392.95 852045.77 419.65
637997.77 851987.76 424.41
637533.96 852692.29 423.13
637327.56 852610.07 422.74
637926.9 852727.95 424.08
638738.78 852761.29 422.18
636842.36 853116.21 433.27
636242.78 853217.59 416.6
635781.17 853044.69 414.01
636421.39 853317.65 416.5
636903.64 853069.85 454.2
636866.6 853362.37 430.84
636281.33 853299.44 415.75
638727.79 852959.28 416.73
638133.33 852952.43 423.29
637319.69 853088.29 429.23
637961.09 853052.03 445.8
638588.39 852885.86 421.65
638627.4 853357.38 419.52
637857.41 853213.98 424.87
